   Time(s) Output (%)
   0.00000   76.05083
   0.01900   75.17107
   0.03900   74.58456
   0.06000   73.41153
   0.07900   71.74976
   0.10000   70.28348
   0.12000   69.11046
   0.14000   67.25318
   0.16000   65.68915
   0.18100   64.32063
   0.20000   62.85435
   0.22100   61.68133
   0.24000   60.70381
   0.26100   59.62854
   0.28100   59.04203
   0.30100   58.65103
   0.32100   58.45552
   0.34200   58.35777
   0.36100   58.35777
   0.38100   58.35777
   0.40200   58.35777
   0.42100   58.35777
   0.44200   59.04203
   0.46200   61.87683
   0.48200   63.53861
   0.50200   65.39589
   0.52200   66.17791
   0.54200   66.17791
   0.56300   66.27566
   0.58200   66.27566
   0.60300   65.98240
   0.62300   64.12512
   0.64300   62.36559
   0.66300   61.48583
   0.68400   61.38807
   0.70300   61.48583
   0.72300   63.14761
   0.74400   65.78690
   0.76300   67.44868
   0.78400   69.50147
   0.80300   71.16325
   0.82400   72.23851
   0.84400   73.11828
   0.86400   73.11828
   0.88400   73.21603
   0.90500   73.11828
   0.92400   72.43402
   0.94500   69.59922
   0.96500   66.95992
   0.98500   64.90714
   1.20600   56.10948
   1.22600   56.20723
   1.24600   56.01173
   1.26600   55.81623
   1.28600   55.71848
   1.30600   55.91398
   1.32700   57.38025
   1.34600   61.09482
   1.36700   64.02737
   1.38700   64.71163
   1.40600   65.98240
   1.42700   66.66667
   1.44700   66.86217
   1.46700   66.95992
   1.48700   66.95992
   1.50800   67.15543
   1.52700   67.15543
   1.54800   67.25318
   1.56700   66.47116
   1.58800   62.46334
   1.60800   59.53079
   1.62800   57.47801
   1.64800   55.71848
   1.66900   54.34995
   1.68800   53.17693
   1.70900   52.29717
   1.72900   51.90616
   1.74800   51.31965
   1.76900   50.43988
   1.78900   48.97361
   1.80900   46.92082
   1.82900   44.96579
   1.85000   43.79277
   1.86900   43.69501
   1.89000   43.59726
   1.90900   43.59726
   1.93000   43.49951
   1.95000   43.59726
   1.97000   43.59726
   1.99000   43.59726
   2.01100   43.59726
   2.03000   43.59726
   2.05100   43.40176
   2.07100   42.61975
   2.09100   42.03324
   2.11100   40.46921
   2.13100   38.51417
   2.15100   36.55914
   2.17100   35.58162
   2.19100   35.28837
   2.44200   30.59629
   2.46100   29.91202
   2.48200   29.81427
   2.50100   29.71652
   2.52200   29.71652
   2.54200   29.71652
   2.56200   30.10753
   2.58200   31.28055
   2.60300   32.74682
   2.62200   32.84457
   2.64200   32.84457
   2.66300   32.84457
   2.68200   32.84457
   2.70300   32.84457
   2.72300   32.84457
   2.74300   32.94233
   2.76300   32.94233
   2.78400   32.84457
   2.80300   32.94233
   2.82400   32.84457
   2.84300   32.84457
   2.86400   32.84457
   2.88400   32.84457
   2.90400   33.04008
   2.92400   32.94233
   2.94500   32.84457
   2.96400   32.94233
   2.98400   33.04008
   3.00500   32.84457
   3.02400   32.94233
   3.04500   32.84457
   3.06500   33.04008
   3.08500   33.52884
   3.10500   35.38612
   3.12500   37.82991
   3.14500   40.95797
   3.16600   43.59726
   3.18500   45.55230
   3.20600   46.72532
   3.22600   47.11632
   3.24600   47.31183
   3.26600   47.50733
   3.28700   47.50733
   3.30600   47.60508
   3.32600   47.99609
   3.34700   48.48485
   3.36600   49.85337
   3.38700   50.73314
   3.40600   51.51515
   3.42700   51.90616
   3.67700   61.87683
   3.69700   64.12512
   3.71800   66.27566
   3.73700   66.76442
   3.75800   66.95992
   3.77700   66.95992
   3.79800   67.05767
   3.81800   66.95992
   3.83700   66.95992
   3.85800   66.95992
   3.87800   66.86217
   3.89800   66.56891
   3.91800   62.56109
   3.93900   58.06452
   3.95800   53.66569
   3.97900   50.53763
   3.99900   48.87586
   4.01900   48.38710
   4.03900   48.28935
   4.05900   48.28935
   4.07900   48.19159
   4.10000   48.28935
   4.11900   48.09384
   4.14000   46.92082
   4.16000   45.35679
   4.17900   43.49951
   4.20000   41.64223
   4.22000   39.88270
   4.24000   38.80743
   4.26000   37.43891
   4.28100   36.46139
   4.30000   35.67937
   4.32100   34.89736
   4.34000   34.60411
   4.36100   34.11535
   4.38100   33.52884
   4.40100   32.74682
   4.42100   32.55132
   4.44200   32.06256
   4.46100   31.28055
   4.48200   30.69404
   4.50200   30.49853
   4.52100   29.61877
   4.54200   28.83675
   4.56200   28.44575
   4.58200   28.15249
   4.60200   27.85924
   4.62200   27.76149
   4.64200   27.56598
   4.66300   27.37048
